1000032697,1000046154
1000041584,1000050429
1000051061,1000048412
1000046395,1000030133
1000046785,1000029855
1000046387,1000039445
1000048817,1000041120
1000037599,1000029810
1000050775,1000050776
1000033376,1000031355,1000037680
1000047573,1000047574
1000051048,1000033722
1000054464,1000055200
1000030418,1000054257
1000055296,1000043947
1000030435,1000048364,1000038839
1000045438,1000031836
1000038934,1000038461
1000028449,1000033533
1000050655,1000039144
1000029243,1000055562
1000029771,1000054335
1000033351,1000045402
1000051850,1000050807
1000027717,1000031705
1000051461,1000048859
1000043466,1000034215
1000032389,1000028017
1000036256,1000044925,1000032086
1000047763,1000047764,1000047762
1000049763,1000049762
1000041127,1000033090
1000037156,1000048290
1000037640,1000038179,1000042313
1000031830,1000029485,1000047852
1000051539,1000051324
1000054745,1000050996,1000036176
1000038402,1000033670
1000035519,1000047655
1000051683,1000033272,1000045749
1000043811,1000039295
1000046569,1000049395
1000055183,1000044786,1000044479,1000035650
1000049106,1000048461,1000036542
1000037804,1000041656
1000048719,1000048720,1000050892
1000045298,1000029506,1000031444
1000045949,1000042568
1000036378,1000032407
1000031627,1000049601,1000047960
1000040752,1000036976,1000041692,1000032729,1000050133,1000046328
1000042510,1000047734,1000049145,1000039604
1000030753,1000033168
1000028371,1000043872,1000035749
1000042478,1000034676,1000028139
1000034602,1000047778
1000028641,1000041797
1000030587,1000042131
1000046268,1000035383
1000038640,1000055580
1000055343,1000042049
1000050204,1000055120
1000040088,1000028973,1000048287,1000047004
1000037162,1000055663,1000047501,1000028148
1000029628,1000028188
1000048196,1000033721,1000031982
1000045970,1000040971
1000026914,1000046889
1000031040,1000040521
1000037931,1000040124,1000048183,1000043650
1000044546,1000034773
1000029018,1000045131
1000038150,1000045895,1000027830
1000043440,1000047832,1000055139,1000040800,1000036634
1000029710,1000048068,1000042439
1000041746,1000039409,1000028177
1000044985,1000038868
1000035133,1000055334
1000029188,1000039783
1000038372,1000030355
1000049055,1000039932,1000028012,1000028093
1000039354,1000034800
1000033177,1000030071,1000042110
1000038267,1000043309,1000049105,1000055552
1000027978,1000048101
1000029656,1000029028
1000048751,1000054847
1000050719,1000050367
1000041276,1000042406,1000028501,1000048852
1000035481,1000027451
1000054900,1000042011
1000033258,1000050989
1000032153,1000036856
1000044620,1000030241
1000047326,1000047835
1000046916,1000054723
1000055207,1000041385
1000036479,1000037429
1000046633,1000049180
1000028686,1000043256
1000028198,1000027942
1000030578,1000045736
1000040929,1000041282,1000036534
1000027083,1000049727
1000031668,1000029766
1000033884,1000036219,1000048502
1000042926,1000050899
1000033131,1000029767,1000050660
1000055916,1000033927
1000047808,1000042193
1000046871,1000031293
1000049796,1000049795
1000055480,1000035510
1000035116,1000036376,1000028434,1000027869
1000034446,1000054809,1000052087
1000035891,1000042948
1000028563,1000050702,1000039823
1000049779,1000050629
1000031799,1000031118
1000030388,1000045793
1000048757,1000050585
1000044206,1000030713
1000029090,1000033936
1000047260,1000027168
1000049751,1000048356
1000029642,1000029886
1000046336,1000049415
1000031161,1000049148
1000050851,1000040753,1000050017,1000030972
1000047966,1000047965
1000045597,1000051162
1000034468,1000034471
1000028663,1000048479,1000049891,1000055298,1000038155
1000042102,1000045171
1000055884,1000042436
1000031365,1000055420
1000031724,1000028634,1000036847
1000048104,1000044451
1000040074,1000038519,1000052028,1000033041
1000038426,1000036058,1000049430,1000050192,1000050169,1000055412,1000033577,1000034532
1000042925,1000045359
1000032785,1000044277
1000040401,1000039277
1000040268,1000046133,1000051976
1000040201,1000040306,1000037637,1000034686,1000055425,1000032742,1000043927,1000046219,1000049089
1000035736,1000028408
1000044827,1000051692,1000042204
1000043424,1000034630
1000052064,1000049726
1000032398,1000043959,1000050922,1000040121,1000041044
1000043844,1000035742
1000036567,1000036827,1000041755,1000033436
1000041548,1000046922
1000049767,1000040923,1000038079
1000034162,1000034414
1000044032,1000047220
1000028452,1000036801
1000039216,1000042845
1000028225,1000038498,1000040659,1000040735,1000054258,1000043244
1000035035,1000041166,1000049926,1000046202
1000032262,1000040766
1000050128,1000038715
1000048152,1000048151
1000050289,1000050288
1000055461,1000034181
1000027151,1000027987
1000049258,1000051397
1000047210,1000047209
1000034989,1000038274
1000040513,1000051693
1000036918,1000045337,1000033943
1000037474,1000043142
1000050337,1000052116
1000036681,1000039023
1000028631,1000051582
1000033710,1000042823
1000040961,1000028141
1000028646,1000028214
1000032892,1000029946,1000048160
1000047738,1000032629
1000049761,1000031406
1000031619,1000047541
1000049388,1000049387
1000039599,1000032364
1000028196,1000047026
1000032442,1000031769
1000029801,1000027370
1000040378,1000034849
1000034618,1000028596
1000054659,1000051430,1000030682,1000031049
1000051002,1000032233
1000046248,1000031410
1000046912,1000037651,1000051131
1000049211,1000049212
1000055308,1000038030,1000034565,1000034216,1000029556
1000038236,1000044135,1000028469
1000044198,1000049682,1000033083
1000029157,1000029986
1000041987,1000044396,1000042566,1000042777
1000048739,1000044168
1000042989,1000033651
1000036154,1000036317
1000030780,1000042574
1000054445,1000039632
1000033514,1000031615
1000037990,1000036814,1000039484,1000034904,1000039791
1000049039,1000043694,1000046660
1000042637,1000043537,1000030515
1000027568,1000051199
1000049126,1000029407
1000029714,1000039106
1000039614,1000044028
1000055101,1000039942,1000048833
1000047334,1000029663
1000027859,1000046182,1000035188
1000038790,1000027314
1000041837,1000050813
1000047684,1000036564
1000033073,1000028745,1000049044
1000041523,1000034042
1000050785,1000031210,1000030907
1000029559,1000034105
1000028138,1000048393
1000047879,1000036651
1000031630,1000051170
1000028851,1000032273,1000039027
1000041067,1000035578,1000043096
1000047826,1000030911
1000037062,1000051686
1000029619,1000046518
1000030013,1000035268
1000047212,1000045901,1000041410
1000054821,1000038115
1000037414,1000049521
1000037865,1000049059
1000044414,1000038299
1000044223,1000029292
1000043427,1000031582
1000046736,1000046737
1000035058,1000032386,1000043238
1000041041,1000036290
1000034193,1000049618
1000039520,1000055062
1000035992,1000051270
1000033016,1000030223
1000029878,1000039196
1000045088,1000042560,1000037536,1000029547
1000041982,1000035240
1000027330,1000043690
1000041705,1000049596
1000042571,1000051752
1000034094,1000044115
1000043815,1000051419
1000027282,1000035696
1000029330,1000032351
1000040004,1000034941
1000041451,1000030913
1000055429,1000050799
1000042324,1000031346
1000036368,1000042250
1000050626,1000050627
1000046037,1000034243
1000031756,1000043713
1000040745,1000046495
1000043314,1000048480
1000041480,1000046678
1000044790,1000048295,1000044427,1000046183,1000050718,1000051962,1000037888,1000037881,1000036447,1000037900,1000038694,1000034613,1000029398
1000049741,1000044429
1000032027,1000043862,1000043261
1000046210,1000029564,1000050924
1000036712,1000049681,1000034548,1000032285
1000031867,1000050690
1000050620,1000040404,1000032271
1000051627,1000028466,1000028179
1000038407,1000029162,1000027318,1000031566
1000037988,1000054705
1000051951,1000041764
1000044840,1000043065
1000035140,1000033293
1000040430,1000039990,1000050408,1000050820,1000030290,1000031233,1000031228,1000029785,1000032093
1000040443,1000031557
1000038936,1000033467
1000030942,1000039269,1000037567,1000041924
1000047079,1000035919,1000033667,1000028853
1000051272,1000039525
1000036210,1000044911
1000051205,1000045917,1000037273,1000038986,1000040694,1000037324
1000050725,1000050821,1000036103,1000036808,1000049265,1000031804
1000048319,1000041774,1000038355
1000042207,1000034240,1000048846
1000033081,1000051141
1000031481,1000030070,1000027626,1000041193,1000038487,1000044978,1000043140,1000054552,1000054602
1000044785,1000037611,1000039120,1000038634,1000030516
1000049260,1000055643
1000050003,1000043177
1000042007,1000050474
1000028552,1000029699
1000036480,1000029816,1000031748,1000032663,1000033203
1000055722,1000046993
1000027625,1000041307
1000036547,1000029638
1000050695,1000029943
1000051560,1000044202,1000032721
1000032328,1000050551
1000039502,1000043598
1000044512,1000032868
1000038147,1000043124,1000031511,1000029964
1000027367,1000037807
1000046822,1000039297
1000049289,1000043580,1000051070
1000037805,1000030729
1000039554,1000045454
1000038469,1000037613,1000039126,1000054597
1000027278,1000049031
1000036777,1000033821
1000049956,1000036879,1000036880,1000037769
1000048678,1000044982
1000031308,1000040373,1000044077
1000027735,1000040680,1000037576
1000054336,1000045129,1000032261
1000045551,1000051190
1000055493,1000050646
1000055873,1000035023
1000027154,1000046285
1000043193,1000028457,1000028376
1000029390,1000029269,1000047292
1000028475,1000047758
1000028804,1000029743
1000043645,1000036180,1000034566,1000028519
1000033797,1000047951,1000055707,1000037120
1000036721,1000043277
1000037403,1000047590
1000037182,1000039177,1000042081,1000032342,1000034230,1000033231,1000047213
1000052021,1000036825
1000028008,1000032773,1000030774
1000050872,1000050373
1000049261,1000049262
1000045997,1000045919,1000049166,1000042408,1000037696,1000050968
1000029141,1000029102
1000033620,1000031204,1000034619,1000043837
1000051701,1000034061,1000032628
1000041531,1000037054
1000046209,1000039372
1000035713,1000030021,1000032352,1000045852
1000027586,1000031554
1000033535,1000027401
1000036139,1000038968,1000030875,1000044658,1000046898
1000031990,1000055459,1000055591
1000048991,1000048992
1000034411,1000046294,1000050252,1000047973
1000045467,1000048438
1000044227,1000029848
1000055831,1000038740
1000047799,1000037027,1000040432
1000027856,1000055606
1000040044,1000049520
1000042046,1000038336
1000049808,1000032574
1000028192,1000028591,1000031451,1000032380,1000036370,1000044889,1000042604,1000049306,1000055918
1000041714,1000040375,1000029272,1000050707,1000054454
1000029359,1000028096,1000044941
1000040862,1000054214
1000047412,1000030644
1000050796,1000029519
1000046626,1000034048
1000031484,1000040333,1000043196
1000034672,1000034039,1000029017,1000046244,1000037901
1000038571,1000029110
1000047238,1000048638,1000030055,1000039650
1000037389,1000045710
1000041620,1000051787,1000033723
1000039803,1000055418
1000050402,1000050401
1000035944,1000037070,1000038550,1000041679,1000049116,1000047635,1000047663
1000047006,1000047759
1000037494,1000029661,1000034081,1000049725
1000048505,1000041316,1000027685
1000039958,1000038930
1000027925,1000032319
1000038854,1000043102,1000028320,1000051157,1000051700
1000037012,1000047158
1000039527,1000049661
1000034503,1000055847
1000049652,1000027438
1000041462,1000037962
1000039274,1000051486,1000054460
1000036549,1000036940,1000031225
1000028649,1000031729
1000055239,1000048537
1000046196,1000034210,1000031963
1000050823,1000050908
1000036620,1000044519
1000049954,1000047772,1000038658
1000046470,1000043511
1000039516,1000037655
1000051222,1000047836
1000034098,1000035741
1000047869,1000047545
1000048113,1000048212,1000045587
1000048865,1000031545,1000034502
1000030015,1000037346,1000040588
1000036688,1000034330
1000027832,1000028741
1000051776,1000044718,1000045758
1000045007,1000044167
1000042482,1000045616
1000042249,1000030193
1000027447,1000043755
1000042542,1000055381
1000037081,1000036161,1000046415,1000028808,1000027221,1000055215,1000054401
1000050467,1000041259,1000038193,1000046516,1000030806,1000034287
1000028379,1000030061
1000033186,1000032985
1000050590,1000044099,1000043818,1000048050
1000042654,1000043635,1000051625,1000028530,1000039954
1000048628,1000051611,1000035545
1000037542,1000036251,1000046164,1000042787,1000045722,1000031147
1000032541,1000040206,1000049898
1000046547,1000040017
1000039657,1000031386
1000032226,1000031455
1000033205,1000033019,1000031135,1000040460,1000055286
1000033055,1000035375
1000033616,1000044838
1000046252,1000036469,1000040444
1000041947,1000055657
1000039033,1000030143
1000049846,1000041633
1000031291,1000031952
1000037547,1000049178
1000055157,1000040660
1000049234,1000029778,1000029171
1000034315,1000028272,1000032463,1000036066
1000045883,1000050080,1000045363,1000031947,1000054298
1000029588,1000031082,1000046487,1000048969
1000030118,1000042197
1000055945,1000048534
1000039808,1000036598,1000033812
1000042880,1000051514
1000047475,1000044937,1000036285,1000036768,1000033583
1000033335,1000044797
1000029073,1000027995
1000029282,1000037707
1000038439,1000037607
1000046102,1000045768
1000032337,1000045806
1000029919,1000032088
1000030255,1000050042
1000039436,1000028766
1000038419,1000040237
1000032264,1000032127
1000055710,1000027977
1000044520,1000055143
1000032228,1000054945,1000051303
1000042759,1000048460
1000027306,1000037103
1000042062,1000027757
1000028643,1000038293
1000054171,1000051193
1000032623,1000034623
1000028393,1000041421,1000035014
1000043067,1000041155,1000034395
1000031270,1000044188
1000046464,1000042052
1000039702,1000040535
1000035668,1000042281
1000038358,1000029679
1000022283,1000027026,1000022288
1000039793,1000050561
1000040574,1000050941
1000027320,1000039685
1000033953,1000036979
1000027938,1000037517
1000038178,1000027393
1000030564,1000029531
1000050568,1000046600,1000037660
1000049314,1000030664
1000044272,1000027814
1000050120,1000050119
1000048276,1000030680
1000028264,1000030497,1000036892
1000055159,1000049863
1000045718,1000044795
1000045300,1000043930
1000030616,1000031443,1000047249
1000029088,1000038962
1000029200,1000029379
1000031144,1000051525
1000050944,1000027906
1000032134,1000030102
1000048716,1000048717
1000042389,1000036498,1000040437,1000036674,1000036346,1000049068,1000034501
1000043859,1000043766,1000028180,1000029568,1000034335,1000054922
1000035138,1000033559
1000045906,1000042752
1000046283,1000029495
1000040775,1000033476
1000027116,1000027749
1000052095,1000046152
1000037956,1000038307
1000050162,1000028087
1000050925,1000045621,1000044140,1000045496,1000035963,1000042144,1000035700,1000039040,1000032136,1000034685,1000029241,1000030086
1000042053,1000039858,1000045485
1000055007,1000030314
1000033802,1000043297
1000049506,1000040851
1000035103,1000032733
1000048500,1000045507
1000051697,1000043736,1000033301
1000049323,1000051475,1000055632,1000035006,1000039755,1000029592
1000044839,1000050282,1000054913
1000036627,1000047456,1000047001,1000054160
1000037409,1000040568
1000031388,1000045802
1000048339,1000043605,1000030872,1000028368,1000033281,1000037226,1000051782
1000045953,1000047468,1000047263,1000046581,1000033492,1000027781,1000050546,1000036483
1000054639,1000038173
1000032993,1000032126
1000030210,1000042424
1000048424,1000055832
1000044966,1000036929
1000040977,1000039920,1000035711
1000038140,1000044292
1000030095,1000030009
1000032618,1000028458,1000032942,1000027552,1000029652,1000029079,1000039983,1000047374,1000043980
1000047043,1000027584,1000032567,1000034860,1000040168
1000039015,1000030158,1000028611
1000037225,1000040448,1000042444
1000030016,1000041060
1000031124,1000032445
1000031471,1000033668,1000029834
1000035370,1000039432,1000040361
1000032890,1000035062,1000043073
1000043932,1000044725
1000046201,1000033623
1000050833,1000054675
1000050906,1000048539,1000043681
1000032103,1000027143
1000028116,1000028710,1000027480,1000048820
1000036757,1000042404,1000040344,1000027257,1000044004,1000054287
1000027563,1000034506
1000044487,1000031684,1000033365,1000050698
1000050877,1000045079
1000031965,1000032210
1000050817,1000045082
1000027365,1000044043
1000028135,1000034234,1000054583,1000051610,1000041511,1000038672,1000036703
1000054744,1000032458
1000043761,1000031495,1000029264
1000036822,1000027972
1000054307,1000043870
1000031268,1000034681
1000043185,1000048507,1000037270,1000041146,1000027497,1000028487
1000041271,1000039764,1000042294,1000027614,1000034397
1000031980,1000031335
1000051513,1000051289
1000050165,1000049367
1000036195,1000051653
1000038813,1000035190,1000031535,1000045627
1000029614,1000030467,1000043134
1000035840,1000046106
1000051105,1000051106
1000055021,1000044753,1000049502,1000047267,1000047731,1000040176,1000041355
1000040601,1000036142
1000029257,1000027146
1000033352,1000037099
1000050615,1000030948
1000042793,1000034698
1000030593,1000034986,1000047455
1000049280,1000037028
1000035584,1000050007
1000031403,1000042905
1000049768,1000043669
1000051733,1000035427
1000044263,1000034096,1000039577
1000055380,1000045999,1000029748
1000040618,1000054655
1000042101,1000037243
1000034816,1000046181,1000032304
1000051233,1000027196,1000030768,1000037844
1000038922,1000051353,1000028633,1000026144
1000047755,1000051420
1000039760,1000055463,1000050790,1000029481,1000045477
1000035109,1000040839
1000055024,1000040956
1000047166,1000041467
1000040376,1000036388
1000032976,1000048799
1000034649,1000033320,1000033344,1000041000
1000032439,1000046409
1000040512,1000050828
1000033213,1000027185,1000042740,1000046529
1000041906,1000040556,1000031019
1000028000,1000028567,1000051333,1000051715,1000047520
1000031333,1000035754,1000044858,1000045057,1000043593
1000035945,1000042991
1000051185,1000027167,1000042680
1000049687,1000035395
1000044511,1000027696,1000055727,1000041128,1000036101
1000028200,1000041843,1000043868
1000031750,1000033204,1000033658,1000055525,1000045913,1000047741
1000036791,1000039776
1000047814,1000048422,1000027555
1000028815,1000038024
1000033895,1000048353
1000046469,1000046718,1000041488,1000038796,1000037810,1000030145
1000030293,1000043538
1000044802,1000043949,1000034855
1000050058,1000030699
1000051057,1000043880
1000046995,1000043235,1000029294,1000040119,1000041604,1000036747,1000036935,1000035748
1000047128,1000042676,1000039993,1000040274
1000043910,1000050223
1000040271,1000040100
1000051658,1000045480
1000032479,1000034496
1000033725,1000044063
1000049036,1000051609,1000051784
1000038034,1000027352
1000048298,1000045494,1000045375,1000048709,1000035436,1000041799,1000028418
1000027321,1000036284
1000040243,1000049615,1000049418,1000054334
1000031691,1000037757
1000042022,1000048675,1000030917
1000036581,1000034254
1000055923,1000041808,1000038076,1000036165,1000038434,1000039852,1000041981,1000044478,1000045478,1000034577,1000028069
1000050791,1000037439,1000043574
1000028963,1000041339
1000028586,1000028515,1000055890,1000052014,1000037975,1000036685,1000042326,1000049550
1000051622,1000043457,1000047732,1000030827,1000031780
1000034819,1000055842
1000043020,1000044674
1000050605,1000050849,1000048034,1000029388,1000032594,1000041783,1000037623,1000039898
1000039741,1000044440
1000049067,1000043160
1000049728,1000050238
1000046902,1000047102,1000047889,1000042008,1000031852,1000054235
1000031241,1000048975,1000042967
1000038389,1000036794
1000034920,1000037892,1000031596,1000048086
1000041435,1000054690
1000040586,1000045380,1000033856
1000027816,1000030575,1000027922,1000037100,1000046879,1000046417,1000049493,1000055820,1000051615
1000041644,1000036050
1000034932,1000035340,1000038831,1000041507,1000028250,1000048744,1000047569,1000049311,1000049966
1000033221,1000033002,1000033012,1000044783,1000050597,1000054702
1000041479,1000034179,1000028743,1000054394
1000050032,1000030371
1000037942,1000047685,1000049994,1000055680,1000051591,1000055054
1000050453,1000051302
1000037010,1000055521
1000035073,1000031943
1000051662,1000042182
1000049650,1000049651
1000028626,1000037127
1000040866,1000037289,1000047724,1000044330,1000029031,1000055883
1000047753,1000055175
1000049307,1000035962
1000049356,1000044779,1000046868
1000043825,1000054682
1000031944,1000028828
1000044517,1000045674
1000034308,1000047008
1000037570,1000051396
1000039510,1000042179,1000038808,1000040029,1000040850
1000048072,1000028290
1000032518,1000047607
1000046997,1000037290
1000045404,1000048474,1000036371,1000034426
1000044332,1000037904
1000031276,1000049789
1000038779,1000028075
1000038004,1000031958
1000027615,1000030181
1000040835,1000042283,1000055745,1000054215
1000031874,1000040944
1000029116,1000047775,1000041892,1000035417
1000031918,1000049082
1000054763,1000034964,1000028800
1000040900,1000027825,1000033868
1000041403,1000033037
1000046900,1000034464
1000043769,1000027595
1000041101,1000034412
1000043218,1000042704
1000055439,1000044849,1000049358,1000038345
1000028445,1000032898
1000050939,1000028904
1000038199,1000043038
1000029357,1000054904
1000050146,1000036503
1000055243,1000036625
1000054222,1000043328
1000034845,1000040181,1000044350,1000044259,1000050056,1000044764,1000032644,1000031499
1000044973,1000041196,1000050912
1000048724,1000037883
1000033946,1000032256,1000036734,1000035365
1000035113,1000030557
1000031805,1000042173,1000046082
1000050840,1000036141
1000043001,1000054906
1000049832,1000032828,1000033726,1000034043
1000033060,1000028959
1000050261,1000041822
1000031408,1000041326
1000030815,1000032039,1000049017
1000049230,1000038118,1000030879
1000042171,1000039959,1000055631,1000042802
1000032992,1000032876
1000043871,1000035924
1000042459,1000038622
1000035207,1000055415
1000027588,1000042789,1000035101
1000050523,1000045975
1000043054,1000030687
1000029438,1000046047
1000030684,1000032666
1000047533,1000029693,1000034355,1000038987,1000041685
1000034839,1000035325
1000043760,1000029167,1000038609
1000048787,1000043338,1000028378,1000036803
1000040205,1000055311
1000050867,1000027403
1000031531,1000054444
1000043922,1000028758,1000051807
1000041306,1000034659
1000030703,1000055549
1000027786,1000029920
1000044287,1000034612
1000038414,1000030701
1000043045,1000055587
1000032491,1000030056
1000034498,1000036315
1000039690,1000042932
1000038517,1000047646
1000041173,1000048530
1000036128,1000036705
1000027107,1000030472
1000032408,1000055518
1000038207,1000035851
1000033655,1000027852
1000050536,1000048081,1000048742
1000051041,1000051040
1000034424,1000054737
1000037864,1000045122
1000032795,1000054624
1000040726,1000051730
1000039517,1000031608
1000031421,1000039730
1000047407,1000037632
1000049633,1000049634
1000054882,1000048604
1000036713,1000037609
1000029611,1000047786
1000035872,1000046565
1000041629,1000048486
1000045849,1000048094
1000049496,1000050617
1000038458,1000034639
1000036968,1000040086,1000033294
1000047643,1000040824
1000049641,1000049642
1000047331,1000033704
1000055936,1000042642
1000055828,1000050965,1000027650,1000028680,1000028412,1000046149,1000047303,1000048940,1000049529,1000040784
1000036307,1000045311
1000038309,1000042156,1000037141,1000038304,1000043056,1000043874,1000042610,1000043149,1000028544,1000030053,1000027672,1000031975
1000029064,1000055125,1000035373,1000037911,1000046580,1000042690,1000044667,1000048456
1000032142,1000031881,1000037608,1000041445
1000035194,1000040049,1000049426,1000043395,1000027691
1000042840,1000044089,1000043682
1000041298,1000029637
1000027118,1000050606
1000037501,1000032963,1000033315
1000035735,1000054175,1000044880
1000029915,1000037617
1000044408,1000048955
1000046450,1000048923,1000040581,1000039613,1000035024,1000035446,1000039292,1000033127,1000027542,1000034119,1000033268,1000055938
1000040982,1000030416
1000042004,1000051518,1000051095
1000028063,1000051139
1000028838,1000039790
1000048568,1000039763
1000049215,1000049214
1000049405,1000043087
1000036584,1000034621
1000032507,1000042050,1000036121,1000038614
1000035461,1000055406
1000049132,1000033420
1000033428,1000036168,1000039665,1000047221
1000044463,1000045867,1000029613
1000038758,1000040402,1000030458,1000042884
1000033516,1000038663
1000034856,1000051839
1000051455,1000032478,1000048760,1000046211,1000042901,1000048288,1000045733,1000036124
1000033703,1000034980,1000051789
1000044812,1000036100
1000038671,1000055625
1000038057,1000050375
1000050579,1000035334,1000049096,1000032533
1000039419,1000041581,1000036660,1000040143,1000040246,1000028881
1000047679,1000040914
1000042664,1000031155
1000037533,1000036836
1000050547,1000038171
1000029914,1000033497
1000038098,1000054579
1000039629,1000029488
1000040538,1000033450
1000042290,1000050855,1000050520,1000054180,1000054728,1000030167,1000028056,1000034461,1000028650,1000027411,1000050095,1000043326
1000033991,1000031028,1000031223,1000038182,1000041392,1000054887,1000044066,1000043250
1000049192,1000054286
1000031872,1000040388,1000049605
1000032150,1000041492
1000038141,1000031363,1000048278
1000048257,1000039412,1000039778,1000040010,1000027888
1000029420,1000047898
1000040591,1000043778
1000047370,1000033766
1000049225,1000041695
1000028998,1000044070
1000032481,1000039664
1000040439,1000054631,1000055757,1000044047,1000030661
1000052144,1000048961
1000040876,1000027316
1000039660,1000040329
1000050657,1000041453,1000044322
1000039109,1000042259
1000041219,1000036184,1000040980
1000033572,1000055223,1000036529
1000032058,1000051377,1000044371
1000038973,1000046278,1000047812
1000048958,1000035852
1000038643,1000051352,1000029654,1000029572
1000030990,1000049612
1000027630,1000038493,1000037935
1000044700,1000030529,1000040942
1000035098,1000034331
1000045973,1000027821
1000041580,1000042121
1000027743,1000035185,1000055075
1000049778,1000032278
1000046452,1000039034,1000039633
1000047733,1000048226,1000035753,1000041518,1000033474,1000051182
1000039092,1000032699,1000030051
1000035224,1000036988
1000031322,1000044274
1000041530,1000049040
1000049269,1000038632
1000041433,1000048490,1000030150
1000039143,1000030674
1000028227,1000030082,1000036166,1000036611,1000045505
1000054979,1000040101
1000045223,1000051953
1000040863,1000040070
1000048819,1000045993
1000037402,1000031666
1000051169,1000040077
1000034305,1000046939,1000051148
1000035940,1000044625
1000045730,1000040498,1000050623,1000054391
1000046715,1000032756,1000029353
1000030456,1000034526
1000051453,1000045764
1000039362,1000040803,1000028409
1000051646,1000045697
1000044076,1000035801
1000027988,1000049791
1000045591,1000029742
1000055517,1000037664,1000032348
1000040357,1000030395,1000033020,1000032144
1000050084,1000041011
1000031053,1000041762
1000054120,1000045717
1000045051,1000041424
1000033304,1000032659
1000038639,1000029708,1000048939,1000047511
1000030168,1000046389
1000044876,1000055291
1000039193,1000039535,1000036486
1000038782,1000035815,1000034112
1000034255,1000050258,1000043269
1000049115,1000027405
1000051908,1000037459
1000038379,1000049142
1000034139,1000027312,1000042888
1000043355,1000042958
1000055401,1000037895
1000036279,1000039100
1000042822,1000032061
1000031741,1000036914
1000027331,1000031422,1000039166
1000028204,1000030963,1000045173
1000037146,1000041325
1000047903,1000028128
1000029586,1000040899,1000041253,1000046557
1000043668,1000043675,1000042600
1000037460,1000041087
1000040142,1000048976,1000043108,1000048193,1000028848,1000031793
1000044286,1000036475
1000039514,1000034252,1000028460,1000030483,1000030356,1000027527,1000048995
1000039752,1000035806
1000054208,1000048809
1000043135,1000044379,1000055067,1000030109
1000054113,1000031162,1000027565,1000036484
1000034019,1000043898
1000046098,1000032941
1000029027,1000051088
1000054202,1000036723
1000041493,1000046602
1000042464,1000033475
1000040322,1000036211,1000036443,1000042720,1000042847,1000051580
1000038508,1000055624
1000029285,1000031814,1000031486,1000031919,1000047999,1000036436,1000040595
1000037936,1000052023
1000027519,1000030370
1000034106,1000046226
1000033625,1000028301,1000038691
1000039317,1000038875
1000034866,1000028554,1000028694,1000055762,1000052081,1000051485
1000028903,1000028437
1000039173,1000055397
1000054161,1000035993
1000045785,1000028174,1000035299
1000041405,1000044049
1000043851,1000031536,1000051025
1000037583,1000033929
1000050410,1000031573
1000029832,1000028622
1000046853,1000043821,1000047945,1000042051
1000036149,1000038535,1000040693,1000027957,1000044409
1000042322,1000039784
1000029550,1000042746,1000044909
1000035344,1000035087,1000036518,1000031105,1000032996,1000027537,1000045726,1000048191,1000044492
1000047098,1000039065,1000036382
1000036872,1000055188
1000032504,1000038745
1000039239,1000052059,1000028675
1000041004,1000034078,1000034644,1000051837,1000049883,1000049790
1000049617,1000042827,1000033443
1000039245,1000044078
1000047830,1000030072,1000031203,1000039908,1000035357,1000037082,1000036387,1000055019
1000028653,1000043176
1000028629,1000038490,1000039662,1000039676
1000032095,1000030549
1000049337,1000054565
1000027695,1000037408
1000027455,1000029791
1000040054,1000044183
1000029499,1000031353,1000047640
1000030955,1000032160
1000038317,1000043935,1000047736,1000048297,1000054553,1000055196
1000040973,1000041731,1000037989,1000039136,1000051791,1000043403,1000044632
1000040792,1000049829
1000030104,1000036509
1000055045,1000040040
1000049400,1000029274,1000055554
1000031289,1000033694
1000041738,1000049750,1000034001
1000035453,1000027547
1000044257,1000055941,1000038459,1000039573
1000028905,1000048165,1000045222
1000035771,1000054428
1000049746,1000031177,1000030043,1000036496,1000037925,1000037507
1000041553,1000031563
1000030770,1000044130,1000045314,1000041718,1000041460,1000055458
1000045214,1000042097,1000040067
1000047950,1000047794,1000028133
1000046199,1000047807,1000054434,1000034437
1000038049,1000042410
1000032270,1000030197,1000043531
1000034515,1000051550
1000049821,1000049820
1000040157,1000028737
1000036063,1000048832
1000036113,1000032451
1000046762,1000046763
1000047216,1000043032
1000031419,1000029363
1000038783,1000050945
1000042548,1000028308,1000028952
1000028837,1000030162
1000043878,1000029215
1000029267,1000032118
1000033071,1000032559,1000048608
1000039450,1000042151
1000047121,1000035019
1000048693,1000030969
1000035135,1000037528
1000046460,1000033693
1000047447,1000046373
1000041717,1000047097
1000027774,1000030266
1000032387,1000035144
1000047751,1000049074,1000051919
1000034301,1000051938
1000034772,1000039161
1000037144,1000041115
1000028887,1000038122
1000031164,1000034122
1000030739,1000039651
1000039180,1000039965
1000045984,1000029265
1000054295,1000041331
1000043139,1000054380
1000049064,1000052007
1000038856,1000041980
1000042160,1000043081
1000044621,1000029212
1000042728,1000030998
1000055855,1000054691
1000040657,1000049643
1000055240,1000035901
1000048549,1000044896,1000036760
1000044098,1000046597
1000046188,1000044345
1000026744,1000027081
1000046903,1000040297
1000028841,1000055003
1000043021,1000040643,1000041930
1000047863,1000047862
1000050255,1000055011
1000037211,1000027105
1000033395,1000040707
1000050654,1000041605
1000028700,1000042279
1000048522,1000029136
1000054423,1000035816
1000040056,1000054198
1000051307,1000027242,1000029733
1000041336,1000039853
1000041874,1000047723
1000043846,1000050345
1000037194,1000046068
1000033739,1000030625
1000046756,1000033952
1000050755,1000033326
1000037333,1000030952
1000042669,1000040654
1000035972,1000036901
1000050874,1000044393
1000050501,1000050502
1000055408,1000047394,1000035462,1000038157,1000042278
1000033608,1000032297,1000055940,1000037102
1000041272,1000027193
1000038862,1000050920
1000039151,1000047054,1000049028,1000049364,1000048168,1000032866,1000032718
1000033361,1000038979
1000043864,1000048063
1000054733,1000047865
1000046036,1000027956
1000028070,1000032331,1000039066
1000028543,1000032991
1000028886,1000030490
1000031583,1000048671,1000036523
1000034657,1000032209,1000027142,1000036729
1000041790,1000049271,1000045443
1000043514,1000040630,1000034394
1000032844,1000035302
1000030599,1000051212
1000034438,1000045782
1000046890,1000046992
1000046714,1000051328
1000040229,1000035337
1000040169,1000040319
1000035248,1000049535
1000048008,1000042981
1000049355,1000046792,1000048238,1000030115
1000035065,1000038584,1000046498,1000033554
1000030573,1000031277
1000044712,1000046090
1000049250,1000051413
1000027308,1000051313
1000040220,1000047204
1000032861,1000042593
1000039805,1000036229
1000050795,1000036404,1000027494,1000031562
1000049877,1000028682
1000031089,1000054738
1000047244,1000047245
1000044358,1000040406
1000027280,1000046601
1000034332,1000029393
1000031245,1000027422
1000044505,1000031432
1000047527,1000028446
1000044670,1000040969
1000027643,1000050019
1000049868,1000049867
1000042674,1000051135
1000030426,1000036885
1000038516,1000037714
1000047776,1000044642
1000043730,1000045302
1000049971,1000036807
1000039507,1000043749
1000033129,1000030312
1000055190,1000042113
1000051311,1000042751
1000032997,1000055229
1000043352,1000037236
1000042938,1000050418
1000055319,1000027737
1000028193,1000044997
1000049362,1000033566,1000041515
1000027335,1000041966
1000029634,1000054184,1000049186
1000049240,1000030638
1000028486,1000044102
1000054804,1000039836
1000032449,1000035486,1000039093
1000028703,1000047499
1000037297,1000031648,1000047243
1000034097,1000046742,1000055949
1000038033,1000039446
1000034050,1000042500,1000047982
1000055694,1000035288
1000038160,1000041658
1000035642,1000034319
1000042643,1000030548
1000031430,1000042514
1000046946,1000027520,1000031798,1000039849
1000035737,1000042190,1000038165,1000028902,1000055000,1000047503
1000036733,1000040261
1000046391,1000037235
1000037131,1000028594,1000029115,1000051702
1000050033,1000044781,1000054205
1000032265,1000033998
1000043895,1000033001
1000027500,1000030206,1000036628,1000038442,1000041878,1000045065
1000032695,1000041379
1000046147,1000039145
1000046468,1000039901
1000047122,1000047796
1000043928,1000041979
1000041946,1000039801,1000043383
1000047936,1000047530
1000041927,1000036265
1000036899,1000044433
1000034878,1000051967
1000032452,1000033092,1000040804
1000039382,1000032252,1000049264
1000036779,1000051707
1000027710,1000038396
1000046719,1000035072
1000039474,1000029505
1000051846,1000037446
1000046587,1000041368
1000055366,1000030316,1000033930
1000041239,1000055793,1000031552
1000055369,1000040256,1000041840,1000036088,1000050309
1000034387,1000050299
1000048629,1000054562
1000037282,1000047311
1000055503,1000041450
1000050068,1000038440
1000044930,1000040185
1000055288,1000050066,1000037169
1000034658,1000031848
1000033370,1000034629
1000042819,1000032482
1000033650,1000046239,1000046778,1000051542,1000051699
1000029394,1000046532,1000037021,1000035577
1000040423,1000039012
1000038679,1000054665,1000055598,1000048275
1000049345,1000033543
1000042083,1000046901
1000031956,1000030333,1000050043
1000041852,1000035463,1000031570
1000042584,1000028597
1000038191,1000034587
1000050126,1000047351,1000034991
1000027218,1000029034
1000028463,1000049317
1000035984,1000037880
1000055933,1000029408
1000029415,1000028213,1000047603,1000048697,1000046107
1000051192,1000052112
1000050384,1000034892,1000032221,1000031034,1000032369
1000048358,1000046433
1000036502,1000028416,1000030204
1000031550,1000051944,1000042239
1000037231,1000038163
1000037251,1000039486
1000037985,1000051809,1000046243
1000050983,1000044530
1000040542,1000039504,1000055191
1000055821,1000047215
1000031431,1000055902
1000039132,1000047073
1000040736,1000039866
1000038832,1000032596
1000035359,1000049200
1000037450,1000047551
1000031704,1000038992
1000042902,1000030568,1000036930,1000040081,1000055285
1000049543,1000037833,1000027311,1000027770
1000046642,1000036007,1000040893
1000051437,1000032664
1000028351,1000031669,1000040527
1000055371,1000031781
1000032298,1000031763
1000037454,1000028721
1000037177,1000041768
1000028940,1000031215
1000047942,1000040314
1000049552,1000035488
1000028546,1000034002,1000039934
1000048589,1000047359
1000051680,1000040338,1000039830
1000034203,1000033742,1000049219
1000048365,1000036906
1000040788,1000033644,1000033538,1000046093
1000039477,1000048327
1000045182,1000038876
1000043182,1000030639
1000030338,1000044457
1000027701,1000034260
1000054946,1000033187
1000054990,1000029004
1000037050,1000042794
1000038761,1000043759
1000037984,1000047084,1000045308,1000045712
1000047114,1000047115,1000047113,1000047116
1000044189,1000038592
1000027677,1000041469
1000044722,1000032184
1000047386,1000055654
1000044401,1000045673
1000045617,1000029219
1000054172,1000050784
1000049914,1000040988
1000028540,1000054649
1000037932,1000055264
1000054663,1000043015
1000044086,1000048236
1000043523,1000055854
1000051299,1000052018,1000046700
1000041965,1000033637
1000030994,1000049730,1000044031
1000047683,1000032787
1000055413,1000032425
1000051678,1000040039
1000038954,1000044474
1000039973,1000028638
1000034539,1000031303
1000029591,1000029246
1000043672,1000041062
1000029996,1000050363
1000051813,1000042757
1000050491,1000031907,1000047089
1000039785,1000034036
1000033277,1000055348
1000042318,1000051452
1000045208,1000049697
1000042187,1000044594,1000045798,1000054692
1000038792,1000054987
1000034794,1000039874,1000047176
1000039183,1000051886
1000034500,1000030189
1000041182,1000048213
1000030831,1000030574
1000032965,1000051322
1000039745,1000046918
1000049646,1000049647
1000049048,1000041899
1000030410,1000045442
1000038940,1000045227
1000048166,1000054249
1000034880,1000047255
1000028511,1000043463,1000049004
1000029812,1000030863,1000049884,1000050556
1000054466,1000051163
1000037554,1000030186
1000047978,1000030541
1000037112,1000039569,1000045557,1000051851
1000040507,1000035524,1000033799
1000044535,1000038681
1000028603,1000028664
1000046077,1000055255,1000027523
1000049675,1000038721,1000041985
1000034025,1000040873
1000054940,1000045373
1000030321,1000046358
1000037848,1000043814
1000040470,1000027110
1000034820,1000034120
1000043133,1000049049,1000032806